 151
       -46.0       -45.0       -44.0       -43.0       -42.0       -41.0       -40.0
       -39.0       -38.0       -37.0       -36.0       -35.0       -34.0       -33.0
       -32.0       -31.0       -30.0       -29.0       -28.0       -27.0       -26.0
       -25.0       -24.0       -23.0       -22.0       -21.0       -20.0       -19.0
       -18.0       -17.0       -16.0       -15.0       -14.0       -13.0       -12.0
       -11.0       -10.0        -9.0        -8.0        -7.0        -6.0        -5.0
        -4.0        -3.0        -2.0        -1.0         0.0         1.0         2.0
         3.0         4.0         5.0         6.0         7.0         8.0         9.0
        10.0        11.0        12.0        13.0        14.0        15.0        16.0
        17.0        18.0        19.0        20.0        21.0        22.0        23.0
        24.0        25.0        26.0        27.0        28.0        29.0        30.0
        31.0        32.0        33.0        34.0        35.0        36.0        37.0
        38.0        39.0        40.0        41.0        42.0        43.0        44.0
        45.0        46.0        47.0        48.0        49.0        50.0        51.0
        52.0        53.0        54.0        55.0        56.0        57.0        58.0
        59.0        60.0        61.0        62.0        63.0        64.0        65.0
        66.0        67.0        68.0        69.0        70.0        71.0        72.0
        73.0        74.0        75.0        76.0        77.0        78.0        79.0
        80.0        81.0        82.0        83.0        84.0        85.0        86.0
        87.0        88.0        89.0        90.0        91.0        92.0        93.0
        94.0        95.0        96.0        97.0        98.0        99.0       100.0
       101.0       102.0       103.0       104.0
   1.8415640   1.9333113   2.0196537   2.0986851   2.1703600   2.2349827   2.2928531
   2.3443379   2.3896736   2.4288342   2.4615554   2.4757860   2.4962806   2.5326465
   2.5864976   2.6572132   2.7351418   2.8054972   2.8565898   2.8860061   2.8949605
   2.8898183   2.8775111   2.8618847   2.8447523   2.8258920   2.8043716   2.7795859
   2.7520493   2.7224746   2.6925197   2.6641516   2.6391079   2.6202792   2.6082099
   2.6036858   2.6060630   2.6136907   2.6249793   2.6394495   2.6555565   2.6719035
   2.6875715   2.7017411   2.7142901   2.7252288   2.7357266   2.7472378   2.7610475
   2.7772620   2.7959455   2.8164057   2.8378453   2.8598014   2.8820048   2.9042823
   2.9262088   2.9467680   2.9647839   2.9799685   2.9914348   2.9993847   3.0043522
   3.0069525   3.0075497   3.0066636   3.0050041   3.0029233   3.0008240   2.9988269
   2.9969702   2.9952653   2.9937081   2.9922245   2.9905892   2.9882866   2.9846095
   2.9785929   2.9696730   2.9575081   2.9419355   2.9233400   2.9022395   2.8792405
   2.8540875   2.8268763   2.7968415   2.7629359   2.7253390   2.6842535   2.6408352
   2.5965988   2.5526063   2.5091708   2.4664739   2.4244560   2.3832041   2.3430457
   2.3042497   2.2667474   2.2303085   2.1944705   2.1589508   2.1240103   2.0894820
   2.0559157   2.0233500   1.9920333   1.9627083   1.9349721   1.9087028   1.8828901
   1.8560240   1.8271531   1.7959118   1.7622420   1.7263777   1.6885691   1.6490389
   1.6079040   1.5654725   1.5222202   1.4787539   1.4359005   1.3939654   1.3536579
   1.3152717   1.2790962   1.2455061   1.2143999   1.1858092   1.1595864   1.1356409
   1.1139428   1.0942160   1.0761632   1.0592299   1.0430860   1.0277670   1.0131448
   0.9997237   0.9918430   0.9850206   0.9795636   0.9754654   0.9728154   0.9713082
   0.9704613   0.9697906   0.9690433   0.9680380
   0.0000000   0.0000000   0.0000000   0.0000000   0.0000000   0.0000000   0.0000000
   0.0000000   0.0000000   0.0000000   0.0000000   0.0000000   0.0000000   0.0000000
   0.0000000   0.0000000   0.0000000   0.0000000   0.0000000   0.0000000   0.0000000
   0.0000000   0.0000000   0.0000000   0.0000000   0.0000000   0.0000000   0.0000000
   0.0000000   0.0000000   0.0000000   0.0000000   0.0000000   0.0000000   0.0000000
   0.0000000   0.0000000   0.0000000   0.0000000   0.0000000   0.0000000   0.0000000
   0.0000000   0.0000000   0.0000000   0.0000000   0.0000000   0.0000000   0.0000000
   0.0000000   0.0000000   0.0000000   0.0000000   0.0000000   0.0000000   0.0000000
   0.0000000   0.0000000   0.0000000   0.0000000   0.0000000   0.0000000   0.0000000
   0.0000000   0.0000000   0.0000000   0.0000000   0.0000000   0.0000000   0.0000000
   0.0000000   0.0000000   0.0000000   0.0000000   0.0000000   0.0000000   0.0000000
   0.0000000   0.0000000   0.0000000   0.0000000   0.0000000   0.0000000   0.0000000
   0.0000000   0.0000000   0.0000000   0.0000000   0.0000000   0.0000000   0.0000000
   0.0000000   0.0000000   0.0000000   0.0000000   0.0000000   0.0000000   0.0000000
   0.0000000   0.0000000   0.0000000   0.0000000   0.0000000   0.0000000   0.0000000
   0.0000000   0.0000000   0.0000000   0.0000000   0.0000000   0.0000000   0.0000000
   0.0000000   0.0000000   0.0000000   0.0000000   0.0000000   0.0000000   0.0000000
   0.0000000   0.0000000   0.0000000   0.0000000   0.0000000   0.0000000   0.0000000
   0.0000000   0.0000000   0.0000000   0.0000000   0.0000000   0.0000000   0.0000000
   0.0000000   0.0000000   0.0000000   0.0000000   0.0000000   0.0000000   0.0000000
   0.0000000   0.0000000   0.0000000   0.0000000   0.0000000   0.0000000   0.0000000
   0.0000000   0.0000000   0.0000000   0.0000000
   2.2914674   2.3180145   2.3415346   2.3638245   2.3855785   2.4070383   2.4282703
   2.4492164   2.4696049   2.4887709   2.5051885   2.6141578   2.7018863   2.7557323
   2.7719068   2.7566371   2.7262364   2.6973025   2.6784886   2.6725441   2.6783586
   2.6911032   2.7057920   2.7201317   2.7332610   2.7450896   2.7560876   2.7664931
   2.7763121   2.7857885   2.7953823   2.8065218   2.8213754   2.8414609   2.8667666
   2.8968127   2.9285611   2.9579620   2.9821473   3.0007543   3.0138399   3.0229542
   3.0303668   3.0371682   3.0437669   3.0502452   3.0564913   3.0619681   3.0663454
   3.0695177   3.0710240   3.0704674   3.0675912   3.0624406   3.0549568   3.0454547
   3.0342784   3.0215461   3.0076072   2.9925042   2.9763757   2.9593961   2.9415257
   2.9226471   2.9024906   2.8806041   2.8562373   2.8287018   2.7978750   2.7636425
   2.7267194   2.6881223   2.6486576   2.6090931   2.5695786   2.5303295   2.4911357
   2.4518174   2.4124417   2.3726394   2.3322699   2.2909665   2.2481750   2.2036632
   2.1570874   2.1085799   2.0581082   2.0058099   1.9524987   1.8983034   1.8439641
   1.7894673   1.7345561   1.6794972   1.6242768   1.5694283   1.5156778   1.4636085
   1.4133282   1.3646879   1.3172424   1.2700286   1.2225766   1.1750315   1.1273373
   1.0804890   1.0354279   0.9930561   0.9541041   0.9181793   0.8848599   0.8529708
   0.8215562   0.7902637   0.7584226   0.7260221   0.6928047   0.6580393   0.6211017
   0.5815208   0.5391027   0.4937738   0.4460301   0.3965194   0.3450898   0.2925652
   0.2389965   0.1837342   0.1266322   0.0674664   0.0060735  -0.0580308  -0.1249391
  -0.1938405  -0.2643697  -0.3351122  -0.4048664  -0.4728719  -0.5386971  -0.6020858
  -0.6626289  -0.6997193  -0.7366471  -0.7726955  -0.8076518  -0.8409622  -0.8732552
  -0.9053515  -0.9375012  -0.9702104  -1.0034032
   0.0000000   0.0000000   0.0000000   0.0000000   0.0000000   0.0000000   0.0000000
   0.0000000   0.0000000   0.0000000   0.0000000   0.0000000   0.0000000   0.0000000
   0.0000000   0.0000000   0.0000000   0.0000000   0.0000000   0.0000000   0.0000000
   0.0000000   0.0000000   0.0000000   0.0000000   0.0000000   0.0000000   0.0000000
   0.0000000   0.0000000   0.0000000   0.0000000   0.0000000   0.0000000   0.0000000
   0.0000000   0.0000000   0.0000000   0.0000000   0.0000000   0.0000000   0.0000000
   0.0000000   0.0000000   0.0000000   0.0000000   0.0000000   0.0000000   0.0000000
   0.0000000   0.0000000   0.0000000   0.0000000   0.0000000   0.0000000   0.0000000
   0.0000000   0.0000000   0.0000000   0.0000000   0.0000000   0.0000000   0.0000000
   0.0000000   0.0000000   0.0000000   0.0000000   0.0000000   0.0000000   0.0000000
   0.0000000   0.0000000   0.0000000   0.0000000   0.0000000   0.0000000   0.0000000
   0.0000000   0.0000000   0.0000000   0.0000000   0.0000000   0.0000000   0.0000000
   0.0000000   0.0000000   0.0000000   0.0000000   0.0000000   0.0000000   0.0000000
   0.0000000   0.0000000   0.0000000   0.0000000   0.0000000   0.0000000   0.0000000
   0.0000000   0.0000000   0.0000000   0.0000000   0.0000000   0.0000000   0.0000000
   0.0000000   0.0000000   0.0000000   0.0000000   0.0000000   0.0000000   0.0000000
   0.0000000   0.0000000   0.0000000   0.0000000   0.0000000   0.0000000   0.0000000
   0.0000000   0.0000000   0.0000000   0.0000000   0.0000000   0.0000000   0.0000000
   0.0000000   0.0000000   0.0000000   0.0000000   0.0000000   0.0000000   0.0000000
   0.0000000   0.0000000   0.0000000   0.0000000   0.0000000   0.0000000   0.0000000
   0.0000000   0.0000000   0.0000000   0.0000000   0.0000000   0.0000000   0.0000000
   0.0000000   0.0000000   0.0000000   0.0000000
  -1.0196821  -1.0095784  -0.9931188  -0.9698862  -0.9406063  -0.9062785  -0.8677728
  -0.8258629  -0.7815295  -0.7363022  -0.6933706  -0.5976158  -0.5136422  -0.4476486
  -0.3999856  -0.3688729  -0.3455646  -0.3204442  -0.2881935  -0.2478503  -0.2003838
  -0.1502291  -0.1020178  -0.0590606  -0.0223031   0.0088385   0.0359558   0.0601289
   0.0815674   0.1007622   0.1175806   0.1335226   0.1504475   0.1706803   0.1946100
   0.2225776   0.2537147   0.2856922   0.3168822   0.3471301   0.3760005   0.4038735
   0.4320944   0.4612439   0.4913694   0.5222086   0.5526232   0.5808565   0.6058565
   0.6276850   0.6466635   0.6645385   0.6833299   0.7041293   0.7275424   0.7536254
   0.7822813   0.8131979   0.8457165   0.8796725   0.9143442   0.9492382   0.9842573
   1.0193710   1.0547725   1.0908264   1.1281081   1.1670584   1.2078047   1.2505161
   1.2948217   1.3402624   1.3865066   1.4329258   1.4793749   1.5254177   1.5711513
   1.6163638   1.6602091   1.7026355   1.7428947   1.7805610   1.8156183   1.8483674
   1.8789254   1.9074283   1.9338934   1.9578111   1.9789367   1.9972375   2.0125917
   2.0252708   2.0353955   2.0428429   2.0477746   2.0501267   2.0499247   2.0469563
   2.0410626   2.0325130   2.0216128   2.0093284   1.9967333   1.9846819   1.9732149
   1.9620996   1.9505928   1.9379123   1.9239497   1.9085030   1.8919581   1.8746247
   1.8565711   1.8379041   1.8186327   1.7988685   1.7787430   1.7584119   1.7380010
   1.7175019   1.6968864   1.6758160   1.6540321   1.6316004   1.6087111   1.5861732
   1.5648816   1.5459183   1.5299958   1.5175864   1.5093180   1.5060004   1.5080960
   1.5153147   1.5271536   1.5413676   1.5550501   1.5659396   1.5736334   1.5779616
   1.5803151   1.5846741   1.5905499   1.5983608   1.6083482   1.6207402   1.6351355
   1.6511421   1.6682870   1.6863635   1.7048468
   0.0000000   0.0000000   0.0000000   0.0000000   0.0000000   0.0000000   0.0000000
   0.0000000   0.0000000   0.0000000   0.0000000   0.0000000   0.0000000   0.0000000
   0.0000000   0.0000000   0.0000000   0.0000000   0.0000000   0.0000000   0.0000000
   0.0000000   0.0000000   0.0000000   0.0000000   0.0000000   0.0000000   0.0000000
   0.0000000   0.0000000   0.0000000   0.0000000   0.0000000   0.0000000   0.0000000
   0.0000000   0.0000000   0.0000000   0.0000000   0.0000000   0.0000000   0.0000000
   0.0000000   0.0000000   0.0000000   0.0000000   0.0000000   0.0000000   0.0000000
   0.0000000   0.0000000   0.0000000   0.0000000   0.0000000   0.0000000   0.0000000
   0.0000000   0.0000000   0.0000000   0.0000000   0.0000000   0.0000000   0.0000000
   0.0000000   0.0000000   0.0000000   0.0000000   0.0000000   0.0000000   0.0000000
   0.0000000   0.0000000   0.0000000   0.0000000   0.0000000   0.0000000   0.0000000
   0.0000000   0.0000000   0.0000000   0.0000000   0.0000000   0.0000000   0.0000000
   0.0000000   0.0000000   0.0000000   0.0000000   0.0000000   0.0000000   0.0000000
   0.0000000   0.0000000   0.0000000   0.0000000   0.0000000   0.0000000   0.0000000
   0.0000000   0.0000000   0.0000000   0.0000000   0.0000000   0.0000000   0.0000000
   0.0000000   0.0000000   0.0000000   0.0000000   0.0000000   0.0000000   0.0000000
   0.0000000   0.0000000   0.0000000   0.0000000   0.0000000   0.0000000   0.0000000
   0.0000000   0.0000000   0.0000000   0.0000000   0.0000000   0.0000000   0.0000000
   0.0000000   0.0000000   0.0000000   0.0000000   0.0000000   0.0000000   0.0000000
   0.0000000   0.0000000   0.0000000   0.0000000   0.0000000   0.0000000   0.0000000
   0.0000000   0.0000000   0.0000000   0.0000000   0.0000000   0.0000000   0.0000000
   0.0000000   0.0000000   0.0000000   0.0000000
  -1.0916281  -1.1333979  -1.1713653  -1.2041329  -1.2316282  -1.2542102  -1.2723019
  -1.2863065  -1.2966066  -1.3036106  -1.3081819  -1.2844231  -1.2691976  -1.2691426
  -1.2841916  -1.3133202  -1.3473440  -1.3742785  -1.3862725  -1.3821978  -1.3626025
  -1.3322163  -1.2964624  -1.2582626  -1.2189720  -1.1788521  -1.1375879  -1.0949990
  -1.0512479  -1.0062508  -0.9603395  -0.9133331  -0.8645928  -0.8143335  -0.7623218
  -0.7086670  -0.6529205  -0.5948793  -0.5355320  -0.4747758  -0.4132691  -0.3513631
  -0.2885230  -0.2245428  -0.1591757  -0.0922678  -0.0238260   0.0456662   0.1156882
   0.1863827   0.2571648   0.3282401   0.4000638   0.4722682   0.5447608   0.6167452
   0.6874412   0.7558589   0.8209652   0.8831576   0.9428505   1.0014272   1.0603295
   1.1200647   1.1811735   1.2430716   1.3052528   1.3671382   1.4280180   1.4875974
   1.5448380   1.5990142   1.6492844   1.6952242   1.7371470   1.7755707   1.8116763
   1.8464833   1.8802851   1.9133021   1.9451957   1.9753620   2.0030183   2.0276076
   2.0489911   2.0667161   2.0809788   2.0917100   2.0988919   2.1028641   2.1040950
   2.1033990   2.1018203   2.1003241   2.0993006   2.0993385   2.1007828   2.1034929
   2.1071435   2.1118244   2.1170450   2.1222665   2.1273962   2.1325502   2.1380933
   2.1448013   2.1541542   2.1674566   2.1848696   2.2062890   2.2307570   2.2566734
   2.2830370   2.3095020   2.3358358   2.3620683   2.3882764   2.4138793   2.4381828
   2.4608532   2.4810525   2.4980570   2.5118379   2.5226955   2.5307489   2.5370030
   2.5425218   2.5472919   2.5504861   2.5521775   2.5517074   2.5484305   2.5428927
   2.5360260   2.5284403   2.5218213   2.5184383   2.5192493   2.5242511   2.5335071
   2.5449659   2.5414357   2.5393384   2.5398399   2.5434596   2.5506533   2.5604038
   2.5706879   2.5796914   2.5868544   2.5918037
   0.0000000   0.0000000   0.0000000   0.0000000   0.0000000   0.0000000   0.0000000
   0.0000000   0.0000000   0.0000000   0.0000000   0.0000000   0.0000000   0.0000000
   0.0000000   0.0000000   0.0000000   0.0000000   0.0000000   0.0000000   0.0000000
   0.0000000   0.0000000   0.0000000   0.0000000   0.0000000   0.0000000   0.0000000
   0.0000000   0.0000000   0.0000000   0.0000000   0.0000000   0.0000000   0.0000000
   0.0000000   0.0000000   0.0000000   0.0000000   0.0000000   0.0000000   0.0000000
   0.0000000   0.0000000   0.0000000   0.0000000   0.0000000   0.0000000   0.0000000
   0.0000000   0.0000000   0.0000000   0.0000000   0.0000000   0.0000000   0.0000000
   0.0000000   0.0000000   0.0000000   0.0000000   0.0000000   0.0000000   0.0000000
   0.0000000   0.0000000   0.0000000   0.0000000   0.0000000   0.0000000   0.0000000
   0.0000000   0.0000000   0.0000000   0.0000000   0.0000000   0.0000000   0.0000000
   0.0000000   0.0000000   0.0000000   0.0000000   0.0000000   0.0000000   0.0000000
   0.0000000   0.0000000   0.0000000   0.0000000   0.0000000   0.0000000   0.0000000
   0.0000000   0.0000000   0.0000000   0.0000000   0.0000000   0.0000000   0.0000000
   0.0000000   0.0000000   0.0000000   0.0000000   0.0000000   0.0000000   0.0000000
   0.0000000   0.0000000   0.0000000   0.0000000   0.0000000   0.0000000   0.0000000
   0.0000000   0.0000000   0.0000000   0.0000000   0.0000000   0.0000000   0.0000000
   0.0000000   0.0000000   0.0000000   0.0000000   0.0000000   0.0000000   0.0000000
   0.0000000   0.0000000   0.0000000   0.0000000   0.0000000   0.0000000   0.0000000
   0.0000000   0.0000000   0.0000000   0.0000000   0.0000000   0.0000000   0.0000000
   0.0000000   0.0000000   0.0000000   0.0000000   0.0000000   0.0000000   0.0000000
   0.0000000   0.0000000   0.0000000   0.0000000
 0.0604083  0.1011515      ! Amplitude Factors
 319.0                     ! Antenna Bearing
 SILL                      ! Site Code
 42.1045000  -8.8971500    ! Site Lat Lon
 1.0                       ! Degree Resolution
 20.0                      ! Degree Smoothing
 2022 06 10  09 50 28      ! Date Year Mo Day Hr Mn Sec
 Redu=5;Inter=1;Smooth=20
 AC56FEC7-FC04-455C-94E8-26CDF865C48B   ! UUID
 44.4       58.0           ! Phase Corrections
