%TableType: RNGI r001
%TableColumns: 11
%TableColumnTypes: RNGC NF01 NF02 NF03 ALM1 ALM2 ALM3 ALM4 NVSC NVDC NVAC 
%TableRows: 24
%TableStart: 2
%% Range  RadDist  NoiseA1 NoiseA2 NoiseA3   FOL N1  FOL N2   FOL P1  FOL P2   Single  Dual    All   
%%  Cell    (km)    (dBm)   (dBm)   (dBm)    DopIndx DopIndx  DopIndx DopIndx Vectors Vectors Vectors
%    2    2.9926   -149.9  -148.8  -147.5      694     802     1242    1334      188      13     214
%    3    4.4889   -149.8  -148.2  -143.4      688     800     1242    1336      200       7     214
%    4    5.9852   -149.6  -148.1  -143.1      692     800     1250    1336      182      14     210
%    5    7.4815   -149.5  -148.6  -144.2      702     798     1264    1336      158      12     182
%    6    8.9778   -150.0  -148.9  -146.4      714     796     1272    1334      138       8     154
%    7   10.4740   -149.7  -149.1  -146.2      722     794     1278    1332      126       1     128
%    8   11.9703   -149.8  -149.4  -147.0      722     794     1278    1332      122       6     134
%    9   13.4666   -149.6  -148.8  -145.2      720     794     1278    1332      121       8     137
%   10   14.9629   -149.8  -149.2  -146.4      718     794     1276    1330      112       8     128
%   11   16.4592   -150.0  -149.6  -149.1      720     792     1278    1328      113       5     123
%   12   17.9555   -150.1  -149.6  -149.3      716     792     1278    1328      115       4     123
%   13   19.4518   -149.9  -150.2  -149.4      712     790     1278    1328       93       9     111
%   14   20.9481   -149.7  -149.6  -146.7      720     788     1280    1326       65      12      89
%   15   22.4444   -150.2  -149.8  -148.1      736     786     1282    1324       56      10      76
%   16   23.9407   -150.3  -150.1  -148.6      752     782     1282    1324       44       3      50
%   17   25.4370   -150.2  -149.9  -147.3      758     774     1282    1326       34       3      40
%   18   26.9333   -150.1  -150.1  -148.1      758     762     1282    1326       37       1      39
%   19   28.4296   -150.7  -150.4  -148.9      754     756     1280    1326       25       3      31
%   20   29.9258   -151.0  -150.2  -150.1      752     752     1284    1322       24       1      26
%   21   31.4221   -151.0  -150.3  -150.1      752     752     1286    1322       20       2      24
%   22   32.9184   -150.7  -150.3  -149.8      754     754     1290    1322       14       2      18
%   23   34.4147   -151.1  -150.6  -150.2      754     754     1290    1322        8       1      10
%   24   35.9110   -151.2  -150.4  -151.3      754     754     1288    1322        0       2       4
%   25   37.4073   -151.3  -150.4  -151.8      754     754     1292    1322        2       0       2
%TableEnd: 2